id	label	x	y	cluster	weight<Links>	weight<Total link strength>	weight<Occurrences>	score<Avg. pub. year>	score<Avg. citations>	score<Avg. norm. citations>
1	ability	-0.164	-0.4005	1	43	56	10	2022	10.9	0.5222
2	addition	0.7824	-0.3086	1	59	94	13	2021.7692	13	0.4751
3	ahp	0.6232	0.8413	1	35	43	6	2019.5	13.1667	0.4403
4	alternative	0.1164	0.1378	1	69	117	19	2020.5263	17.6316	0.7438
5	ann	0.6139	0.2105	1	78	146	19	2021.5789	15.7368	0.5451
6	anns	0.8088	0.636	1	36	48	6	2022.3333	22.5	2.0284
7	artificial intelligence	-0.1825	0.3751	1	80	149	22	2023.2273	15.9545	1.3264
8	artificial neural network	0.6767	0.0847	1	88	226	30	2021.7333	16.3	0.7946
9	attention	-0.2535	0.4085	3	72	121	16	2021.75	27.6875	1.5289
10	building	-0.1911	-0.7027	3	84	196	25	2021.96	24.56	1.5314
11	carbon	0.1342	-0.9475	2	49	65	9	2022.3333	12.3333	1.2823
12	carbon emission	-0.3364	-0.5923	2	66	102	14	2023.6429	12.9286	1.4998
13	carbon footprint	0.8013	0.4964	1	32	36	6	2021.8333	9.8333	0.3489
14	category	-0.084	0.2636	3	57	72	13	2020.5385	24.3846	0.9451
15	change	0.4915	0.6273	1	54	85	16	2021.4375	18	0.4689
16	chemical	0.2504	0.0516	1	45	63	9	2019.8889	17.7778	0.545
17	china	0.2317	-0.499	3	59	97	14	2022	17.2143	1.4454
18	circular economy	-0.909	0.636	3	40	54	8	2023.25	35.625	1.8705
19	climate change	-0.8995	-0.1594	2	55	72	10	2021.4	50.6	2.2207
20	cluster	-0.1007	0.7838	3	43	59	9	2020.5556	13.5556	0.5087
21	clustering	-0.66	0.7403	3	47	72	11	2020.0909	15.5455	0.6765
22	co2 emission	0.1486	-0.4993	3	38	48	9	2021	13	0.7097
23	coefficient	-0.4817	-0.6875	2	71	132	17	2022.2353	22.4706	1.4719
24	comparison	0.5388	0.0703	1	66	104	17	2020.8235	17.7059	0.7011
25	complexity	-0.275	0.5503	1	69	112	17	2021.1176	21.8824	1.0615
26	component	-0.4811	0.5255	2	64	101	17	2022.3529	7.2941	0.4679
27	concept	-0.7896	-0.0036	1	42	70	10	2021	23.1	0.8979
28	construction	-0.4076	0.1996	3	52	83	12	2021.8333	18	0.5194
29	correlation	0.0037	0.5505	3	55	85	15	2021.8	11.0667	0.4298
30	country	0.3953	0.4458	1	53	78	13	2018.9231	26.3846	0.8357
31	cradle	0.8025	-0.009	1	31	39	7	2020.1429	26.1429	0.7932
32	data quality	0.3991	-0.6683	2	41	54	8	2021.875	14.25	0.477
33	decision maker	-1.1078	0.1532	2	43	60	8	2020.375	46.25	1.1824
34	decision support tool	-0.6096	-0.2292	2	53	70	11	2019.2727	33	1.2296
35	decision tree	-0.5055	-0.9045	2	51	72	8	2021.375	37.125	2.0754
36	deep learning	-0.3511	0.6763	1	48	70	12	2023	20.5833	0.6336
37	design phase	-0.7162	-0.5045	2	31	40	7	2022.5714	4.4286	0.3686
38	designer	-0.7556	-0.6746	2	58	91	12	2021.6667	29.0833	1.0458
39	determination	-0.4634	-0.8628	2	55	86	8	2021.75	12	0.9528
40	direction	-0.0882	-0.1884	3	76	129	17	2021.2941	29	1.1714
41	eco design	-0.5894	0.6664	2	32	41	8	2022.125	2.5	0.4149
42	effectiveness	0.2118	-0.9601	2	58	84	9	2022.1111	9.3333	0.6248
43	electricity	0.9246	-0.2639	1	53	85	12	2020.5833	47.5833	1.1287
44	end	0.1101	0.8164	3	54	72	10	2021.8	17.2	0.662
45	energy	0.6558	-0.2492	1	96	270	40	2021.725	29.925	1.1979
46	energy consumption	0.8111	-0.2543	1	71	145	20	2020.3	46.75	1.3785
47	energy efficiency	1.2768	-0.3404	1	28	44	6	2022.8333	16.1667	0.8141
48	engineer	-0.9466	-0.6265	2	43	63	8	2023.25	11.25	1.1781
49	environment	-0.5151	0.2549	2	67	121	17	2021.7647	24.4118	0.8976
50	environmental performance	0.0865	0.232	3	56	75	12	2021.0833	14	0.9705
51	environmental sustainability	-1.0677	0.2017	2	54	86	9	2022.2222	43	0.9866
52	example	-0.595	0.4643	2	52	78	12	2020.75	18.8333	1.6575
53	expert	-0.7141	0.76	3	42	55	9	2021.4444	33.6667	1.6174
54	feature	-0.3987	-0.3589	2	71	101	15	2021.4667	9.5333	0.8116
55	feedstock	0.3678	-0.253	2	54	73	9	2020.7778	17.3333	0.4348
56	field	-0.6962	0.1744	3	82	149	20	2021.3	49.55	2.0462
57	future research	0.644	-0.3796	3	44	62	7	2023.4286	11.8571	0.9988
58	future work	-0.5452	-0.5085	2	23	28	6	2022.6667	18.8333	1.1185
59	gap	0.1196	-0.0584	1	84	170	28	2021.7143	29.8214	1.417
60	genetic algorithm	1.1777	-0.0686	1	55	90	12	2021.6667	16.3333	0.6501
61	ghg emission	0.4618	-0.884	2	40	53	8	2020.25	23.375	0.8782
62	global warming	0.9458	0.6123	1	33	42	6	2023	20.1667	1.0437
63	global warming potential	0.8459	0.2951	1	55	79	11	2020.9091	26.7273	0.824
64	greenhouse gas emission	0.4452	-0.1325	1	55	78	11	2021	74.6364	2.4268
65	group	-0.2143	1.1072	3	49	77	15	2019.6667	6.3333	0.26
66	gwp	0.9223	0.2083	1	51	70	9	2020.6667	31.5556	0.988
67	identification	0.1094	0.6643	1	45	57	10	2021	8	0.3176
68	iii	-0.229	-0.4117	3	47	62	10	2021.3	30.2	1.6775
69	impact category	0.8065	0.1099	1	37	55	10	2019.5	49.3	0.8527
70	implementation	-0.3471	0.3436	2	49	59	11	2021	30.1818	0.8994
71	importance	-0.1307	0.736	3	61	85	12	2021.75	25	0.7561
72	improvement	0.2736	-0.6121	2	57	83	13	2021.6154	54.3077	1.7225
73	influence	-0.0392	-0.0191	3	56	78	14	2021.2143	14.1429	1.0359
74	input parameter	0.0312	0.1273	1	46	66	8	2019.5	26.5	0.9909
75	insight	-0.6252	0.1995	2	65	113	18	2023.4444	25.2222	0.6199
76	iran	1.2271	0.1336	1	42	81	11	2019.5455	57.6364	1.4107
77	large amount	-0.6536	-0.1659	3	39	43	6	2017.6667	21.6667	0.7249
78	latent class analysis	-0.4338	1.1647	3	35	51	10	2020	3.9	0.1629
79	lca model	0.3733	0.0026	2	48	63	9	2022.4444	13.3333	0.7489
80	lca study	-0.3636	-0.1412	3	46	63	10	2021.4	19.3	1.561
81	lci	0.334	-0.0892	1	51	85	14	2021.7857	33.4286	1.1104
82	life cycle analysis	-0.6379	0.0632	1	39	49	11	2021.2727	31.0909	1.2311
83	life cycle cost	0.4058	-0.5565	1	45	61	8	2022.125	12.125	0.9379
84	life cycle inventory	0.3551	-0.6314	1	53	89	13	2022.3077	14.8462	1.176
85	limitation	0.592	-0.5573	3	50	79	12	2021.4167	20.1667	0.831
86	machine learning model	-0.0333	-0.8817	2	62	97	12	2023.1667	21.25	1.3407
87	neural network	0.4532	0.1645	1	62	99	15	2019.8667	29.7333	0.9061
88	novel approach	-0.4199	-0.2256	2	50	59	6	2021.8333	11.5	3.0018
89	objective function	0.9789	-0.4593	1	32	39	7	2022.4286	13.8571	0.8016
90	output	0.7114	0.1916	1	57	90	13	2020.2308	47.6923	1.1332
91	patient	-0.3436	1.2572	3	22	37	8	2022.25	4	0.2331
92	policymaker	-0.8084	-0.8249	2	43	60	7	2023.1429	55	1.5016
93	practitioner	0.096	-0.6953	2	46	61	10	2022.3	46.1	1.2779
94	predictive model	-0.6499	-0.1014	2	51	63	7	2021.5714	5.7143	0.9386
95	present study	0.7387	0.8483	1	32	41	7	2021.1429	18.8571	0.7836
96	random forest	-0.0264	-1.0571	2	45	60	7	2022.7143	7.1429	0.8792
97	reference	0.1885	-0.3046	1	45	57	8	2021.75	16	0.3255
98	region	0.1475	-0.2439	1	63	98	15	2022.8	6.7333	0.3895
99	regression model	0.0742	0.525	3	67	110	20	2020.2	16.3	0.6294
100	relationship	-0.8271	0.2704	2	65	93	17	2021.6471	6.3529	0.5435
101	researcher	-0.4839	-0.4916	2	64	111	12	2021.4167	37.25	1.2161
102	respect	-0.0412	0.7442	3	32	40	6	2020.8333	11.1667	2.0653
103	risk	0.0684	0.8524	3	60	85	12	2021.3333	19	0.6143
104	rmse	0.1734	-0.8774	2	47	55	7	2023	10.4286	0.9379
105	safety	-0.2059	-0.037	1	53	76	12	2020.8333	63.0833	1.4202
106	scenario analysis	-0.038	-0.5801	3	35	48	9	2022.1111	12.1111	1.0267
107	scope	-0.1157	-0.2572	3	39	56	10	2021.1	41.7	2.2601
108	sensitivity	0.533	0.6469	1	46	75	12	2021.8333	41.3333	0.8316
109	set	-0.2617	0.098	3	75	106	17	2020.8235	13.3529	1.1632
110	stakeholder	-0.7481	-0.428	2	57	91	10	2021.7	8.6	1.1365
111	state	0.3614	-0.4318	3	54	91	14	2021.8571	34.5	1.2354
112	sustainable development	-0.6088	0.3419	3	40	62	8	2023.5	18.75	1.5333
113	utilization	-0.2328	0.82	3	50	70	9	2021.7778	12.6667	1.8996
114	variation	0.3299	0.2966	3	65	111	17	2021.1765	23.0588	1.0419
115	wide range	-0.7879	-0.5982	2	46	55	6	2021.6667	19.3333	1.3875
